1.339999999999996749e-02 -5.370000000000001439e-01 -9.547999999999998710e-01 -9.291000000000000369e-01 -5.871999999999999442e-01 2.339999999999997637e-02 5.894000000000000350e-01 9.176000000000000822e-01 9.239000000000000545e-01 5.685999999999999943e-01
1.135699999999999932e+00 7.011000000000000565e-01 4.071000000000000174e-01 3.789000000000000146e-01 6.757999999999999563e-01 1.153899999999999926e+00 1.624400000000000066e+00 1.912000000000000144e+00 1.885299999999999754e+00 1.622700000000000031e+00
1.854299999999999837e+00 1.695599999999999996e+00 1.585099999999999953e+00 1.567099999999999937e+00 1.682100000000000151e+00 1.851200000000000179e+00 2.041699999999999626e+00 2.133499999999999730e+00 2.153000000000000025e+00 2.025100000000000122e+00
1.867300000000000182e+00 2.039600000000000080e+00 2.134500000000000064e+00 2.144800000000000040e+00 2.041100000000000136e+00 1.841400000000000148e+00 1.671999999999999709e+00 1.573399999999999910e+00 1.564599999999999991e+00 1.672099999999999920e+00
1.139899999999999913e+00 1.564400000000000013e+00 1.904200000000000115e+00 1.895300000000000207e+00 1.603400000000000158e+00 1.168400000000000105e+00 6.758999999999999453e-01 3.871999999999999886e-01 4.040000000000000813e-01 6.725000000000000977e-01
-2.050000000000001821e-02 5.708999999999999631e-01 9.181000000000000272e-01 9.159999999999998144e-01 5.835000000000000187e-01 -1.420000000000015694e-02 -5.787999999999999812e-01 -9.366000000000000991e-01 -9.463999999999999080e-01 -5.563000000000001277e-01
-1.180599999999999872e+00 -6.911999999999999256e-01 -3.943000000000000949e-01 -3.790999999999999925e-01 -6.843999999999998973e-01 -1.128400000000000070e+00 -1.613999999999999879e+00 -1.897800000000000153e+00 -1.913399999999999990e+00 -1.630900000000000016e+00
-1.865099999999999980e+00 -1.692800000000000082e+00 -1.556800000000000184e+00 -1.572200000000000042e+00 -1.679899999999999949e+00 -1.850200000000000067e+00 -2.029399999999999871e+00 -2.140600000000000058e+00 -2.141200000000000436e+00 -2.030800000000000161e+00
-1.858099999999999863e+00 -2.022599999999999731e+00 -2.145500000000000185e+00 -2.136400000000000077e+00 -2.043400000000000105e+00 -1.834000000000000075e+00 -1.690499999999999892e+00 -1.548999999999999932e+00 -1.577700000000000102e+00 -1.673299999999999788e+00
-1.161500000000000199e+00 -1.596700000000000008e+00 -1.874400000000000066e+00 -1.898299999999999876e+00 -1.615699999999999914e+00 -1.150399999999999867e+00 -6.612999999999999989e-01 -3.976999999999999980e-01 -3.968000000000000971e-01 -6.737000000000000766e-01
