-4.300000000000192557e-03 2.700000000000035705e-03 8.999999999999008793e-04 -4.800000000000026468e-03 -5.000000000000559552e-04 3.999999999999559464e-04 1.810000000000000497e-02 4.199999999999981526e-03 5.599999999999938360e-03 -7.099999999999995204e-03
-5.766000000000001124e-01 -4.750999999999999668e-01 -1.767999999999998462e-01 1.845999999999999863e-01 4.591999999999999416e-01 5.690999999999999392e-01 4.682999999999999385e-01 1.821000000000000396e-01 -1.839000000000000634e-01 -4.758999999999998787e-01
-9.190999999999999170e-01 -7.633999999999999675e-01 -2.862999999999999989e-01 3.097999999999999643e-01 7.164000000000001478e-01 9.286000000000000920e-01 7.459999999999998854e-01 2.812000000000000055e-01 -2.680999999999999495e-01 -7.576000000000000512e-01
-9.190000000000001501e-01 -7.715000000000000746e-01 -2.837999999999998302e-01 3.022000000000000797e-01 7.706999999999999407e-01 9.554000000000000270e-01 7.478999999999997872e-01 2.716999999999998305e-01 -3.078999999999999515e-01 -7.254000000000000448e-01
-5.829999999999999627e-01 -4.636000000000000121e-01 -1.703999999999998849e-01 1.897999999999998577e-01 4.525000000000001243e-01 5.552999999999999048e-01 4.458999999999999631e-01 1.685999999999998611e-01 -1.706000000000000849e-01 -4.708000000000001073e-01
-6.199999999999983302e-03 -1.659999999999994813e-02 7.800000000000029132e-03 -8.600000000000052047e-03 1.679999999999992610e-02 3.600000000000158629e-03 -1.700000000000034817e-03 -4.899999999999904432e-03 8.399999999999852029e-03 2.999999999999669598e-04
5.628999999999997339e-01 4.552000000000000490e-01 1.976999999999998758e-01 -1.674999999999999822e-01 -4.596999999999999975e-01 -5.748000000000000886e-01 -4.604000000000001425e-01 -1.931000000000000494e-01 1.634999999999999787e-01 4.790999999999999703e-01
9.059999999999999165e-01 7.559000000000000163e-01 2.761000000000000676e-01 -2.914999999999999813e-01 -7.510999999999998789e-01 -9.155000000000000915e-01 -7.496000000000001551e-01 -2.754000000000000337e-01 2.729000000000001425e-01 7.640999999999997794e-01
9.192000000000000171e-01 7.300999999999999712e-01 3.025000000000000466e-01 -2.755000000000000226e-01 -7.825000000000000844e-01 -9.524999999999999023e-01 -7.511999999999999789e-01 -2.827999999999999403e-01 2.964999999999998748e-01 7.375999999999999224e-01
5.790000000000001812e-01 4.703000000000000513e-01 1.542999999999998817e-01 -1.686999999999999611e-01 -4.678999999999999826e-01 -5.864000000000000323e-01 -4.769000000000001016e-01 -1.689000000000000501e-01 1.740999999999999215e-01 4.670000000000000817e-01
