2.779999999999999814e-16 5.877852522924733591e-01 9.510565162951531981e-01 9.510565162951531981e-01 5.877852522924733591e-01 2.224999999999999670e-16 -5.877852522924730261e-01 -9.510565162951533091e-01 -9.510565162951533091e-01 -5.877852522924731371e-01
-1.175570504584945164e+00 -7.000422464373692311e-01 -4.061496202911327735e-01 -4.061496202911329956e-01 -7.000422464373691200e-01 -1.175570504584946274e+00 -1.651098762732523317e+00 -1.944991388878759553e+00 -1.944991388878758665e+00 -1.651098762732523095e+00
-1.902113032590306840e+00 -1.720477400588966033e+00 -1.608220406444071049e+00 -1.608220406444070605e+00 -1.720477400588966699e+00 -1.902113032590306840e+00 -2.083748664591646982e+00 -2.196005658736543964e+00 -2.196005658736543520e+00 -2.083748664591646538e+00
-1.902113032590306840e+00 -2.083748664591646538e+00 -2.196005658736543520e+00 -2.196005658736543520e+00 -2.083748664591646094e+00 -1.902113032590306618e+00 -1.720477400588966255e+00 -1.608220406444069717e+00 -1.608220406444069717e+00 -1.720477400588966477e+00
-1.175570504584946274e+00 -1.651098762732522651e+00 -1.944991388878759553e+00 -1.944991388878759331e+00 -1.651098762732522651e+00 -1.175570504584945386e+00 -7.000422464373693421e-01 -4.061496202911331066e-01 -4.061496202911327735e-01 -7.000422464373696751e-01
-5.559999999999999627e-16 -5.877852522924736922e-01 -9.510565162951537532e-01 -9.510565162951536422e-01 -5.877852522924738032e-01 -4.450000000000000326e-16 5.877852522924724710e-01 9.510565162951527540e-01 9.510565162951528650e-01 5.877852522924725820e-01
1.175570504584945386e+00 7.000422464373692311e-01 4.061496202911327735e-01 4.061496202911332176e-01 7.000422464373696751e-01 1.175570504584946496e+00 1.651098762732523095e+00 1.944991388878759331e+00 1.944991388878758887e+00 1.651098762732522873e+00
1.902113032590306396e+00 1.720477400588965811e+00 1.608220406444070605e+00 1.608220406444070161e+00 1.720477400588966033e+00 1.902113032590306618e+00 2.083748664591646538e+00 2.196005658736543076e+00 2.196005658736543076e+00 2.083748664591646538e+00
1.902113032590306840e+00 2.083748664591646982e+00 2.196005658736543964e+00 2.196005658736543520e+00 2.083748664591646538e+00 1.902113032590306840e+00 1.720477400588966699e+00 1.608220406444070605e+00 1.608220406444070605e+00 1.720477400588967365e+00
1.175570504584946496e+00 1.651098762732522651e+00 1.944991388878759553e+00 1.944991388878759331e+00 1.651098762732522651e+00 1.175570504584945386e+00 7.000422464373694531e-01 4.061496202911331066e-01 4.061496202911328846e-01 7.000422464373697862e-01
