-5.599999999999999784e-17 -3.449999999999999977e-17 -8.499999999999999453e-18 8.000000000000000572e-18 -6.952230246251564530e-17 8.350000000000000097e-17 2.565446049250313263e-16 -1.025223024625156515e-16 -8.000000000000000572e-18 -4.150000000000000258e-17
5.877852522924735812e-01 4.755282581475761550e-01 1.816356320013397530e-01 -1.816356320013399195e-01 -4.755282581475769321e-01 -5.877852522924733591e-01 -4.755282581475766546e-01 -1.816356320013404746e-01 1.816356320013402526e-01 4.755282581475768211e-01
9.510565162951531981e-01 7.694208842938132786e-01 2.938926261462364020e-01 -2.938926261462369571e-01 -7.694208842938132786e-01 -9.510565162951531981e-01 -7.694208842938131676e-01 -2.938926261462364575e-01 2.938926261462363465e-01 7.694208842938129456e-01
9.510565162951531981e-01 7.694208842938130566e-01 2.938926261462360134e-01 -2.938926261462369571e-01 -7.694208842938130566e-01 -9.510565162951531981e-01 -7.694208842938129456e-01 -2.938926261462359024e-01 2.938926261462363465e-01 7.694208842938130566e-01
5.877852522924734702e-01 4.755282581475767656e-01 1.816356320013398917e-01 -1.816356320013406966e-01 -4.755282581475768766e-01 -5.877852522924731371e-01 -4.755282581475762660e-01 -1.816356320013399472e-01 1.816356320013401415e-01 4.755282581475768211e-01
2.779999999999999814e-16 6.899999999999999954e-17 -8.252230246251565932e-17 -1.385223024625156572e-16 3.502230246251565169e-17 -2.224999999999999670e-16 -4.020669073875469493e-16 8.252230246251565932e-17 2.649999999999999920e-17 8.300000000000000517e-17
-5.877852522924734702e-01 -4.755282581475766546e-01 -1.816356320013400305e-01 1.816356320013402526e-01 4.755282581475767101e-01 5.877852522924736922e-01 4.755282581475767656e-01 1.816356320013403081e-01 -1.816356320013404191e-01 -4.755282581475767101e-01
-9.510565162951531981e-01 -7.694208842938131676e-01 -2.938926261462361245e-01 2.938926261462365686e-01 7.694208842938129456e-01 9.510565162951531981e-01 7.694208842938128345e-01 2.938926261462365686e-01 -2.938926261462363465e-01 -7.694208842938129456e-01
-9.510565162951534202e-01 -7.694208842938132786e-01 -2.938926261462364020e-01 2.938926261462371792e-01 7.694208842938135007e-01 9.510565162951534202e-01 7.694208842938133897e-01 2.938926261462362355e-01 -2.938926261462369016e-01 -7.694208842938132786e-01
-5.877852522924730261e-01 -4.755282581475768211e-01 -1.816356320013400028e-01 1.816356320013404746e-01 4.755282581475768211e-01 5.877852522924732481e-01 4.755282581475765435e-01 1.816356320013398640e-01 -1.816356320013402526e-01 -4.755282581475767101e-01
